Index,Elapsed Time,Action,Latency
1,479,Login,479
2,243,QueryFlight,243
3,244,QueryFlight,244
4,248,QueryFlight,248
5,242,QueryFlight,241
6,242,QueryFlight,242
7,241,List Bookings,241
8,240,logout,240
9,239,Login,239
10,240,QueryFlight,240
11,246,QueryFlight,246
12,248,QueryFlight,248
13,248,QueryFlight,248
14,241,QueryFlight,241
15,243,List Bookings,242
16,240,logout,239
17,247,Login,247
18,239,View Profile Information,239
19,244,Update Customer,244
20,240,QueryFlight,240
21,241,QueryFlight,241
22,242,QueryFlight,242
23,241,QueryFlight,241
24,239,QueryFlight,239
25,238,List Bookings,238
26,239,logout,238
27,245,Login,245
28,239,QueryFlight,239
29,238,QueryFlight,237
30,239,QueryFlight,239
31,243,QueryFlight,243
32,242,QueryFlight,242
33,242,List Bookings,242
34,245,logout,244
35,242,Login,242
36,245,QueryFlight,244
37,242,QueryFlight,242
38,240,QueryFlight,240
39,238,QueryFlight,238
40,2137,QueryFlight,2137
41,246,List Bookings,245
42,241,logout,241
43,245,Login,245
44,241,QueryFlight,241
45,241,QueryFlight,241
46,237,QueryFlight,237
47,239,QueryFlight,239
48,241,QueryFlight,241
49,239,List Bookings,239
50,241,logout,241
51,239,Login,239
52,246,View Profile Information,246
53,239,Update Customer,239
54,240,QueryFlight,240
55,243,QueryFlight,243
56,241,QueryFlight,241
57,244,QueryFlight,244
58,242,QueryFlight,242
59,240,List Bookings,240
60,238,logout,237
61,241,Login,241
62,246,QueryFlight,246
63,239,QueryFlight,239
64,244,QueryFlight,243
65,240,QueryFlight,240
66,240,QueryFlight,240
67,240,List Bookings,240
68,238,logout,238
69,243,Login,243
70,244,QueryFlight,244
71,246,QueryFlight,245
72,244,QueryFlight,244
73,242,QueryFlight,242
74,242,QueryFlight,242
75,242,List Bookings,242
76,239,logout,239
77,240,Login,240
78,254,QueryFlight,253
79,245,QueryFlight,245
80,247,QueryFlight,247
81,240,QueryFlight,240
82,246,QueryFlight,246
83,241,List Bookings,241
84,238,logout,238
85,240,Login,240
86,240,View Profile Information,240
87,240,Update Customer,240
88,244,QueryFlight,244
89,243,QueryFlight,243
90,246,QueryFlight,245
91,246,QueryFlight,246
92,243,QueryFlight,243
93,245,List Bookings,245
94,239,logout,238
95,241,Login,241
96,254,QueryFlight,254
97,255,QueryFlight,255
98,244,QueryFlight,244
99,251,QueryFlight,251
100,241,QueryFlight,241
101,487,List Bookings,487
102,247,logout,247
103,247,Login,247
104,253,QueryFlight,253
105,257,QueryFlight,257
106,253,QueryFlight,253
107,249,QueryFlight,249
108,257,QueryFlight,257
109,255,List Bookings,255
110,243,logout,243
111,245,Login,244
112,252,QueryFlight,252
113,252,QueryFlight,252
114,254,QueryFlight,254
115,252,QueryFlight,252
116,250,QueryFlight,250
117,248,List Bookings,247
118,245,logout,244
119,246,Login,246
120,245,View Profile Information,245
121,244,Update Customer,244
122,248,QueryFlight,248
123,248,QueryFlight,248
124,251,QueryFlight,251
125,252,QueryFlight,252
126,249,QueryFlight,249
127,254,List Bookings,254
128,245,logout,245
129,246,Login,246
130,250,QueryFlight,250
131,253,QueryFlight,252
132,251,QueryFlight,251
133,252,QueryFlight,251
134,250,QueryFlight,250
135,245,List Bookings,244
136,244,logout,244
137,245,Login,245
138,247,QueryFlight,247
139,251,QueryFlight,251
140,250,QueryFlight,250
141,248,QueryFlight,248
142,244,QueryFlight,243
143,245,List Bookings,245
144,248,logout,248
145,244,Login,244
146,248,QueryFlight,247
147,246,QueryFlight,246
148,244,QueryFlight,244
149,247,QueryFlight,247
150,249,QueryFlight,249
151,246,List Bookings,246
152,244,logout,244
153,250,Login,250
154,252,View Profile Information,252
155,248,Update Customer,248
156,246,QueryFlight,246
157,247,QueryFlight,247
158,248,QueryFlight,248
159,246,QueryFlight,246
160,254,QueryFlight,254
161,247,List Bookings,247
162,250,logout,250
163,245,Login,245
164,246,QueryFlight,246
165,244,QueryFlight,244
166,252,QueryFlight,251
167,256,QueryFlight,256
168,246,QueryFlight,246
169,246,List Bookings,246
170,245,logout,245
171,244,Login,244
172,251,QueryFlight,251
173,246,QueryFlight,246
174,255,QueryFlight,255
175,248,QueryFlight,248
176,251,QueryFlight,251
177,244,List Bookings,244
178,249,logout,249
179,248,Login,248
180,250,QueryFlight,250
181,250,QueryFlight,250
182,249,QueryFlight,249
183,246,QueryFlight,246
184,252,QueryFlight,252
185,246,List Bookings,246
186,244,logout,244
187,248,Login,248
188,246,View Profile Information,246
189,250,Update Customer,250
190,248,QueryFlight,248
191,251,QueryFlight,251
192,246,QueryFlight,246
193,248,QueryFlight,248
194,248,QueryFlight,248
195,245,List Bookings,245
196,245,logout,245
197,249,Login,249
198,246,QueryFlight,246
199,251,QueryFlight,251
200,249,QueryFlight,248
201,491,QueryFlight,491
202,246,QueryFlight,246
203,244,List Bookings,244
204,247,logout,247
205,245,Login,245
206,245,QueryFlight,245
207,248,QueryFlight,247
208,249,QueryFlight,249
209,248,QueryFlight,248
210,256,QueryFlight,256
211,247,List Bookings,247
212,246,logout,246
213,247,Login,247
214,247,QueryFlight,247
215,245,QueryFlight,245
216,246,QueryFlight,246
217,244,QueryFlight,244
218,252,QueryFlight,252
219,246,List Bookings,246
220,250,logout,250
221,245,Login,245
222,248,View Profile Information,248
223,246,Update Customer,246
224,243,QueryFlight,243
225,247,QueryFlight,247
226,248,QueryFlight,248
227,251,QueryFlight,251
228,248,QueryFlight,248
229,252,List Bookings,252
230,247,logout,247
231,254,Login,254
232,251,QueryFlight,251
233,247,QueryFlight,247
234,252,QueryFlight,252
235,245,QueryFlight,245
236,255,QueryFlight,255
237,246,List Bookings,246
238,251,logout,251
239,251,Login,251
240,248,QueryFlight,248
241,250,QueryFlight,250
242,248,QueryFlight,248
243,247,QueryFlight,247
244,248,QueryFlight,248
245,245,List Bookings,245
246,251,logout,251
247,246,Login,246
248,249,QueryFlight,249
249,248,QueryFlight,248
250,250,QueryFlight,250
251,247,QueryFlight,247
252,243,QueryFlight,243
253,246,List Bookings,246
254,244,logout,244
255,250,Login,250
256,247,View Profile Information,247
257,252,Update Customer,252
258,245,QueryFlight,245
259,249,QueryFlight,249
260,247,QueryFlight,247
261,252,QueryFlight,252
262,250,QueryFlight,250
263,249,List Bookings,249
264,252,logout,252
265,246,Login,246
266,251,QueryFlight,251
267,249,QueryFlight,249
268,256,QueryFlight,256
269,245,QueryFlight,245
270,247,QueryFlight,247
271,246,List Bookings,246
272,250,logout,250
273,246,Login,246
274,249,QueryFlight,249
275,247,QueryFlight,246
276,244,QueryFlight,244
277,247,QueryFlight,247
278,245,QueryFlight,244
279,244,List Bookings,244
280,246,logout,246
281,244,Login,244
282,246,QueryFlight,246
283,249,QueryFlight,249
284,246,QueryFlight,246
285,248,QueryFlight,248
286,250,QueryFlight,250
287,245,List Bookings,245
288,248,logout,248
289,248,Login,248
290,249,View Profile Information,249
291,251,Update Customer,251
292,248,QueryFlight,248
293,248,QueryFlight,248
294,251,QueryFlight,251
295,251,QueryFlight,251
296,249,QueryFlight,249
297,244,List Bookings,244
298,243,logout,243
299,246,Login,246
300,251,QueryFlight,251
301,494,QueryFlight,494
302,250,QueryFlight,250
303,250,QueryFlight,250
304,252,QueryFlight,252
305,246,List Bookings,246
306,247,logout,247
307,247,Login,246
308,267,QueryFlight,266
309,255,QueryFlight,255
310,248,QueryFlight,248
311,250,QueryFlight,250
312,248,QueryFlight,248
313,251,List Bookings,251
314,247,logout,247
315,252,Login,252
316,246,QueryFlight,245
317,251,QueryFlight,251
318,248,QueryFlight,248
319,250,QueryFlight,250
320,247,QueryFlight,247
321,245,List Bookings,245
322,248,logout,248
323,248,Login,248
324,246,View Profile Information,246
325,254,Update Customer,254
326,248,QueryFlight,248
327,250,QueryFlight,250
328,247,QueryFlight,247
329,253,QueryFlight,253
330,248,QueryFlight,247
331,248,List Bookings,247
332,247,logout,247
333,253,Login,253
334,248,QueryFlight,248
335,246,QueryFlight,246
336,246,QueryFlight,246
337,250,QueryFlight,250
338,248,QueryFlight,248
339,252,List Bookings,252
340,246,logout,246
341,249,Login,249
342,244,QueryFlight,244
343,254,QueryFlight,254
344,246,QueryFlight,246
345,249,QueryFlight,249
346,246,QueryFlight,246
347,252,List Bookings,252
348,247,logout,247
349,249,Login,249
350,246,QueryFlight,246
351,250,QueryFlight,250
352,247,QueryFlight,247
353,248,QueryFlight,248
354,248,QueryFlight,248
355,248,List Bookings,248
356,249,logout,249
357,251,Login,251
358,247,View Profile Information,247
359,250,Update Customer,250
360,248,QueryFlight,248
361,249,QueryFlight,249
362,248,QueryFlight,248
363,247,QueryFlight,247
364,245,QueryFlight,245
365,250,List Bookings,250
366,246,logout,246
367,249,Login,249
368,246,QueryFlight,246
369,254,QueryFlight,254
370,245,QueryFlight,245
371,251,QueryFlight,251
372,247,QueryFlight,247
373,249,List Bookings,249
374,245,logout,245
375,248,Login,248
376,246,QueryFlight,246
377,253,QueryFlight,253
378,246,QueryFlight,246
379,250,QueryFlight,250
380,244,QueryFlight,244
381,250,List Bookings,250
382,246,logout,246
383,248,Login,248
384,245,QueryFlight,245
385,250,QueryFlight,250
386,248,QueryFlight,248
387,249,QueryFlight,249
388,247,QueryFlight,247
389,255,List Bookings,254
390,247,logout,247
391,248,Login,247
392,245,View Profile Information,245
393,251,Update Customer,251
394,247,QueryFlight,247
395,249,QueryFlight,249
396,248,QueryFlight,248
397,246,QueryFlight,245
398,246,QueryFlight,246
399,250,List Bookings,250
400,247,logout,246
401,493,Login,493
402,246,QueryFlight,246
403,245,QueryFlight,245
404,246,QueryFlight,246
405,243,QueryFlight,243
406,249,QueryFlight,249
407,246,List Bookings,246
408,246,logout,246
409,245,Login,245
410,248,QueryFlight,248
411,245,QueryFlight,244
412,250,QueryFlight,250
413,245,QueryFlight,245
414,248,QueryFlight,248
415,246,List Bookings,246
416,248,logout,248
417,244,Login,244
418,249,QueryFlight,249
419,246,QueryFlight,246
420,253,QueryFlight,253
421,243,QueryFlight,243
422,247,QueryFlight,247
423,245,List Bookings,245
424,246,logout,246
425,243,Login,243
426,248,View Profile Information,248
427,246,Update Customer,246
428,245,QueryFlight,245
429,243,QueryFlight,243
430,249,QueryFlight,249
431,245,QueryFlight,245
432,245,QueryFlight,245
433,242,List Bookings,242
434,248,logout,248
435,244,Login,243
436,245,QueryFlight,245
437,244,QueryFlight,244
438,244,QueryFlight,244
439,248,QueryFlight,248
440,248,QueryFlight,248
441,247,List Bookings,247
442,248,logout,248
443,244,Login,244
444,247,QueryFlight,247
445,299,QueryFlight,299
446,247,QueryFlight,246
447,265,QueryFlight,265
448,244,QueryFlight,244
449,245,List Bookings,245
450,242,logout,242
